----- TABLE 1 -----
武汉大学2024年硕士招生考试复试基本分数线及相关说明
报考培养单位 | 学科(专业)代码 | 学科(专业/领域)名称 | 政治（管理联考） | 外国语 | 业务课1 | 业务课2 | 总分
外国语言文学学院68753315 | 0502 | 外国语言文学 | 60 | 60 | 110 | 110 | 380
0551 | 翻译 | 60 | 60 | 90 | 90 | 365
新闻与传播学院68752684 | 0503 | 新闻传播学 | 60 | 60 | 110 | 110 | 390
0552 | 新闻与传播 | 60 | 60 | 105 | 105 | 375
信息管理学院68754939 | 0553 | 出版 | 60 | 60 | 90 | 90 | 365
120100 | 管理科学与工程 | 60 | 60 | 90 | 90 | 350
1201Z1 | 电子商务
120502 | 情报学
1205J7 | 数据科学
1205Z3 | 保密管理
120501 | 图书馆学 | 60 | 60 | 90 | 90 | 355
120503 | 档案学
1205Z1 | 出版发行学
1205Z2 | 信息资源管理
125500 | 图书情报 | 155 | 60 | —— | —— | 255
125601 | 工程管理 | 110 | 45 | —— | —— | 176
经济与管理学院68753847;68752309（学术学位）68752373;68755129(专业学位） | 0201 | 理论经济学 | 60 | 60 | 95 | 95 | 360
0202 | 应用经济学 | 55 | 60 | 85 | 100 | 350
1201 | 管理科学与工程 | 60 | 60 | 100 | 100 | 360
1202 | 工商管理学 | 60 | 60 | 80 | 100 | 350
0251 | 金融 | 50 | 60 | 71 | 71 | 338
0254 | 国际商务 | 47 | 47 | 71 | 71 | 338
0255 | 保险 | 47 | 47 | 71 | 71 | 338
1251 | 工商管理 | 78 | 39 | —— | —— | 162
1253 | 会计 | 104 | 52 | —— | —— | 201
125601 | 工程管理 | 110 | 45 | —— | —— | 176
法学院68753628 | 0301 | 法学 | 60 | 60 | 90 | 90 | 376
035101 | 法律（非法学） | 60 | 60 | 90 | 90 | 350
035102 | 法律（法学） | 60 | 60 | 90 | 90 | 364
文学院68752116 | 050101 | 文艺学 | 55 | 55 | 108 | 108 | 385
050105 | 中国古代文学
050106 | 中国现当代文学
050108 | 比较文学与世界文学
0501Z3 | 写作学
050102 | 语言学及应用语言学 | 67 | 67 | 120 | 120 | 390
050103 | 汉语言文字学
050104 | 中国古典文献学
0453 | 国际中文教育 | 67 | 67 | 110 | 110 | 395
历史学院 68753810 | 0601 | 考古学 | 65 | 65 | 205 | —— | 355
0602 | 中国史
0603 | 世界史
0651 | 博物馆 | 60 | 60 | 185 | —— | 345
哲学学院68753566 | 0101 | 哲学 | 60 | 65 | 105 | 105 | 375
0402 | 心理学 | 60 | 65 | 220 | 375
艺术学院68752380 | 1301 | 艺术学 | 65 | 65 | 120 | 120 | 395
1354 | 戏剧与影视 | 55 | 50 | 105 | 105 | 365
政治与公共管理学院68755293（学术学位）68754460（专业学位） | 0302 | 政治学 | 60 | 60 | 110 | 110 | 385
120401 | 行政管理 | 60 | 60 | 105 | 105 | 390
120405 | 土地资源管理
1204Z2 | 应急管理
1204Z1 | 公共经济管理 | 60 | 60 | 105 | 105 | 370
120402 | 社会医学与卫生事业管理
120403 | 教育经济与管理
120404 | 社会保障
1252 | 公共管理 | 120 | 50 | —— | —— | 185
社会学院68753860 | 0303 | 社会学 | 60 | 60 | 90 | 90 | 380
0352 | 社会工作 | 60 | 60 | 90 | 90 | 380
马克思主义学院68754279 | 030203 | 科学社会主义与国际共产主义运动 | 65 | 55 | 100 | 100 | 360
030204 | 中共党史 | 65 | 55 | 100 | 100 | 385
0305 | 马克思主义理论 | 65 | 55 | 100 | 100 | 377
数学与统计学院68754907 | 0701 | 数学 | 50 | 50 | 75 | 75 | 300
0714 | 统计学
0252 | 应用统计 | 55 | 55 | 100 | 100 | 385
物理科学与技术学院68752979 | 0702 | 物理学 | 50 | 50 | 85 | 85 | 350
0704 | 天文学 | 50 | 50 | 85 | 85 | 350
080501 | 材料物理与化学 | 50 | 50 | 85 | 85 | 330
0805Z1 | 纳米科学与技术
080901 | 物理电子学 | 50 | 50 | 85 | 85 | 320
080903 | 微电子学与固体电子学
085402 | 通信工程（含宽带网络、移动通信等） | 50 | 50 | 80 | 80 | 300
085403 | 集成电路工程
085601 | 材料工程 | 50 | 50 | 80 | 80 | 300
化学与分子科学学院68752469 | 0703 | 化学 | 50 | 50 | 90 | 80 | 315
0805 | 材料科学与工程 | 45 | 45 | 90 | 90 | 320
0817 | 化学工程与技术 | 45 | 45 | 90 | 90 | 320
0856 | 材料与化工 | 45 | 45 | 70 | 75 | 280
生命科学学院 68756695 | 0710 | 生物学 | 60 | 65 | 100 | 100 | 370
0713 | 生态学 | 55 | 65 | 100 | 100 | 355
0860 | 生物与医药 | 50 | 50 | 80 | 80 | 290
资源与环境科学学院68778676 | 0705 | 地理学 | 50 | 55 | 90 | 90 | 345
081603 | 地图制图学与地理信息工程 | 55 | 55 | 85 | 85 | 330
120405 | 土地资源管理 | 50 | 55 | 90 | 90 | 350
077601 | 环境科学 | 50 | 55 | 65 | 75 | 300
083002 | 环境工程 | 50 | 55 | 65 | 75 | 300
085701 | 环境工程 | 50 | 50 | 65 | 75 | 290
085704 | 测绘工程 | 50 | 50 | 75 | 75 | 330
水利水电学院68772339 | 080103 | 流体力学 | 55 | 60 | 80 | 90 | 320
081500 | 水利工程 | 55 | 60 | 80 | 90 | 320
083002 | 环境工程 | 55 | 60 | 80 | 90 | 320
085902 | 水利工程 | 55 | 50 | 75 | 80 | 310
125601 | 工程管理 | 110 | 45 | —— | —— | 176
电气与自动化学院68776981 | 0808 | 电气工程 | 55 | 55 | 80 | 90 | 350
081101 | 控制理论与控制工程 | 55 | 55 | 80 | 90 | 350
085406 | 控制工程 | 50 | 50 | 80 | 90 | 330
085801 | 电气工程 | 50 | 50 | 90 | 90 | 360
动力与机械学院68772271 | 0802 | 机械工程 | 45 | 45 | 70 | 85 | 300
0805 | 材料科学与工程 | 45 | 45 | 70 | 85 | 300
0807 | 动力工程及工程热物理 | 45 | 45 | 70 | 85 | 300
081704 | 应用化学 | 45 | 45 | 70 | 85 | 300
0855 | 机械 | 45 | 45 | 70 | 85 | 300
0858 | 能源动力 | 45 | 45 | 70 | 85 | 290
125601 | 工程管理 | 110 | 45 | —— | —— | 176
城市设计学院68774470 | 0813 | 建筑学 | 50 | 50 | 80 | 90 | 325
0833 | 城乡规划学 | 50 | 50 | 90 | 90 | 375
1370 | 设计学 | 50 | 50 | 90 | 90 | 370
0853 | 城乡规划 | 50 | 50 | 90 | 90 | 340
0851 | 建筑 | 50 | 50 | 80 | 90 | 325
土木建筑工程学院68776173 | 0801 | 力学 | 55 | 50 | 65 | 80 | 285
0814 | 土木工程 | 55 | 50 | 65 | 80 | 285
085901 | 土木工程 | 55 | 55 | 90 | 90 | 350
085905 | 市政工程(含给排水等) | 60 | 60 | 90 | 90 | 380
125601 | 工程管理 | 110 | 45 | —— | —— | 176
计算机学院68775536 | 081001 | 通信与信息系统 | 50 | 50 | 80 | 90 | 315
0812 | 计算机科学与技术 | 55 | 60 | 85 | 85 | 350
0835 | 软件工程
1405 | 智能科学与技术
0854 | 电子信息 | 55 | 55 | 90 | 90 | 335
电子信息学院68778464 | 070208 | 无线电物理 | 50 | 50 | 80 | 90 | 315
070802 | 空间物理学 | 50 | 50 | 80 | 90 | 360
0708Z1 | 空间探测与信息处理技术 | 50 | 50 | 80 | 90 | 330
0809 | 电子科学与技术 | 50 | 50 | 80 | 90 | 330
0810 | 信息与通信工程 | 50 | 50 | 80 | 90 | 315
085405 | 软件工程 | 50 | 50 | 80 | 90 | 315
085400 | 电子信息（01,02,04,05,06,08,09方向） | 50 | 50 | 90 | 90 | 370
电子信息（03,07方向） | 45 | 45 | 60 | 70 | 280
遥感信息工程学院68778202 | 070503 | 地图学与地理信息系统 | 50 | 55 | 90 | 90 | 345
081104 | 模式识别与智能系统 | 55 | 55 | 85 | 85 | 330
081602 | 摄影测量与遥感 | 55 | 55 | 85 | 85 | 330
1404 | 遥感科学与技术 | 55 | 55 | 85 | 85 | 330
0857 | 资源与环境 | 55 | 55 | 80 | 80 | 320
测绘学院68778182 | 070801 | 固体地球物理学 | 55 | 55 | 70 | 85 | 310
081105 | 导航、制导与控制 | 55 | 55 | 85 | 85 | 374
0816 | 测绘科学与技术 | 55 | 55 | 85 | 85 | 330
085704 | 测绘工程 | 55 | 55 | 70 | 85 | 310
国家网络安全学院 68758028 | 0301J1 | 网络法学 | 60 | 60 | 100 | 90 | 340
0839 | 网络空间安全 | 60 | 60 | 90 | 90 | 345
0854 | 电子信息 | 55 | 55 | 90 | 90 | 335
泰康医学院（基础医学院）68759310 | 0778 | 基础医学 | 50 | 50 | 85 | 85 | 310
1001 | 基础医学 | 50 | 50 | 180 | —— | 310
1072 | 生物医学工程 | 50 | 50 | 180 | —— | 310
第一临床学院 88041911转88884 | 1002 | 临床医学 | 50 | 55 | 180 | —— | 330
1003 | 口腔医学 | 60 | 60 | 165 | —— | 315
1007 | 药学 | 55 | 55 | 180 | —— | 360
1072 | 生物医学工程 | 50 | 50 | 180 | —— | 310
1051 | 临床医学 | 50 | 55 | 180 | —— | 340
1052 | 口腔医学 | 60 | 60 | 180 | —— | 325
1054 | 护理 | 50 | 45 | 195 | —— | 310
1056 | 中药学 | 55 | 55 | 180 | —— | 310
第二临床学院68713563 | 1002 | 临床医学 | 50 | 55 | 180 | —— | 330
1003 | 口腔医学 | 60 | 60 | 165 | —— | 315
1007 | 药学 | 55 | 55 | 180 | —— | 360
1051 | 临床医学 | 50 | 55 | 180 | —— | 340
1052 | 口腔医学 | 60 | 60 | 180 | —— | 325
1054 | 护理 | 50 | 45 | 195 | —— | 310
1055 | 药学 | 55 | 55 | 180 | —— | 330
口腔医学院87686105 | 1003 | 口腔医学 | 60 | 60 | 165 | —— | 315
1052 | 口腔医学 | 60 | 60 | 180 | —— | 325
公共卫生学院68759078 | 1004 | 公共卫生与预防医学 | 55 | 50 | 210 | —— | 325
1053 | 公共卫生 | 55 | 60 | 220 | —— | 355
药学院68759990 | 1007 | 药学 | 55 | 55 | 180 | —— | 360
1055 | 药学 | 55 | 55 | 180 | —— | 330
1056 | 中药学 | 55 | 55 | 180 | —— | 310
护理学院68789337 | 1011 | 护理学 | 55 | 45 | 200 | —— | 315
1054 | 护理 | 50 | 45 | 195 | —— | 310
080503 | 材料加工工程 | 55 | 55 | 75 | 75 | 315
0856 | 材料与化工 | 55 | 50 | 75 | 75 | 320
卫星导航定位技术研究中心68778595 | 0809 | 电子科学与技术 | 55 | 55 | 80 | 90 | 330
081105 | 导航、制导与控制 | 55 | 55 | 85 | 85 | 374
081601 | 大地测量学与测量工程 | 55 | 55 | 85 | 85 | 330
0854 | 电子信息 | 55 | 55 | 80 | 90 | 360
085704 | 测绘工程 | 55 | 55 | 70 | 85 | 310
测绘遥感信息工程国家重点实验室68778525 | 070503 | 地图学与地理信息系统 | 50 | 55 | 90 | 90 | 345
081001 | 通信与信息系统 | 50 | 50 | 80 | 90 | 315
081203 | 计算机应用技术 | 55 | 55 | 85 | 85 | 330
0816 | 测绘科学与技术 | 55 | 55 | 85 | 85 | 330
1404 | 遥感科学与技术 | 55 | 55 | 85 | 85 | 330
0854 | 电子信息 | 50 | 50 | 80 | 80 | 310
0857 | 资源与环境 | 50 | 50 | 80 | 80 | 320
董辅礽经济社会发展研究院87855715 | 0202J6 | 健康经济学 | 60 | 60 | 90 | 100 | 360
1251 | 工商管理 | 78 | 39 | —— | —— | 162
国际问题研究院68756726 | 030207 | 国际关系 | 60 | 55 | 90 | 90 | 340
中国传统文化研究中心68753821 | 010102 | 中国哲学 | 60 | 65 | 105 | 105 | 375
060200 | 中国史 | 65 | 65 | 205 | —— | 355
050105 | 中国古代文学 | 55 | 55 | 108 | 108 | 385
中国边界与海洋研究院68756726 | 030109 | 国际法学 | 60 | 60 | 90 | 90 | 395
质量发展战略研究院68756646 | 1204J2 | 宏观质量管理 | 60 | 55 | 110 | 110 | 360
国家文化发展研究院68761537 | 1204J1 | 文化产业管理 | 60 | 50 | 110 | 110 | 360
1254 | 旅游管理 | 100 | 50 | —— | —— | 170
中国南极测绘研究中心68778030 | 070801 | 固体地球物理学 | 55 | 55 | 70 | 85 | 310
0816 | 测绘科学与技术 | 55 | 55 | 85 | 85 | 330
085704 | 测绘工程 | 55 | 55 | 70 | 85 | 310
高等研究院68758199 | 0702 | 物理学 | 50 | 50 | 85 | 85 | 350
0703 | 化学 | 50 | 50 | 90 | 80 | 315
0710 | 生物学 | 60 | 65 | 100 | 100 | 370
0805 | 材料科学与工程 | 45 | 45 | 90 | 90 | 320
医学研究院68750006 | 0710 | 生物学 | 60 | 65 | 100 | 100 | 370
1001 | 基础医学 | 50 | 50 | 180 | —— | 310
党内法规研究中心87376720 | 030103 | 宪法学与行政法学 | 65 | 65 | 100 | 100 | 380
0305Z1 | 党的建设 | 65 | 65 | 100 | 100 | 380
工业科学研究院68772638 | 0802 | 机械工程 | 45 | 45 | 70 | 85 | 300
0805 | 材料科学与工程 | 45 | 45 | 70 | 85 | 300
0809 | 电子科学与技术 | 50 | 50 | 80 | 90 | 330
水工程科学研究院 68789741 | 081503 | 水工结构工程 | 55 | 60 | 80 | 90 | 320
085902 | 水利工程 | 55 | 50 | 75 | 80 | 310
125601 | 工程管理 | 110 | 45 | —— | —— | 176
湖北珞珈实验室68755737 | 0816 | 测绘科学与技术 | 55 | 55 | 85 | 85 | 330
081105 | 导航、制导与控制 | 55 | 55 | 85 | 85 | 374
0854 | 电子信息 | 50 | 50 | 90 | 90 | 370
0857 | 资源与环境 | 55 | 55 | 70 | 85 | 310
强军计划 | 各专业（除公共管理外） | 55 | 40 | 45 | 65 | 240
125200 | 公共管理 | 120 | 55 | —— | —— | 200
单独考试 | 025100 | 金融 | 40 | 30 | 45 | 45 | 200
030103 | 宪法学与行政法学 | 40 | 30 | 80 | 80 | 335
对口支援 | 国家线
统一招生平台 | 070503 | 地图学与地理信息系统 | 50 | 55 | 90 | 90 | 345
081105 | 导航、制导与控制 | 55 | 55 | 85 | 85 | 374
0816 | 测绘科学与技术 | 55 | 55 | 85 | 85 | 330
085704 | 测绘工程 | 55 | 55 | 70 | 85 | 310
081503 | 水工结构工程 | 55 | 60 | 80 | 90 | 320
085902 | 水利工程 | 55 | 50 | 75 | 80 | 310
125601 | 工程管理 | 110 | 45 | —— | —— | 176
说明：1.“少数民族高层次骨干人才计划”和“退役大学生士兵计划”复试分数线另行公告。
2.复试预计安排在3月下旬至4月中旬进行，复试方式、具体要求等以我校发布的有关复试工作公告和各培养单位发布的复试工作实施细则为准。
3.符合教育部相关规定享受研究生招生加分政策的考生，按照教育部要求在研招网报名系统中提交申请并通过相关部门审核；考生享受加分政策后如达
到报考培养单位复试分数线，于复试前联系报考培养单位并提交相关证明材料，报学校审核通过后准予参加复试。
4.符合少数民族照顾政策且在研招网报名系统中提交申请并通过相关部门审核的考生，总分或单科（限1门）可低于复试分数线10分以内（含10分）。
请于复试前联系报考培养单位并提交相关证明材料，报学校审核通过后准予参加复试。